-2.372137
5.750000
6.658397
0.085878
-17.814886
-49.791985
-47.814884
-24.929390
-9.601145
-24.440840
-42.532444
-41.601147
-23.074427
-28.921755
-20.700382
-28.463741
-44.982826
-27.631680
-30.730917
-63.532444
-64.166031
-49.211834
-84.173668
-68.532440
-57.288166
-55.998093
-51.066795
-39.937023
-35.181297
-49.921757
-46.349236
-46.746181
-19.814886
-35.692749
-40.700382
-35.570610
-55.280533
-51.578243
-34.761452
-50.532444
-44.020992
-25.578245
-19.616413
4.536260
53.024811
72.498093
69.711830
39.772900
31.185114
34.062977
35.559162
41.261452
40.398853
29.979008
24.040077
36.604961
36.979008
19.055344
1.437023
15.246183
16.566793
16.345419
35.391220
18.727098
27.627863
51.024811
35.215649
45.177483
44.154579
30.414122
44.925571
40.284351
37.337788
34.666031
40.757633
40.696564
50.910305
54.696564
49.734734
54.734734
44.887405
43.124046
49.001907
52.925571
47.085876
35.765266
22.353054
22.169847
26.536259
6.566794
-10.143129
-6.898855
-2.097328
-0.120229
-4.219466
7.337786
-10.036260
-3.471374
5.330153
2.948473
