900
-2329
61
-3760
-7054
-5552
-3133
24
-313
-815
-1583
-2550
-4728
-4023
-5576
-5721
-4813
-3302
-9154
-7921
-5946
-3464
-2082
-4175
-1884
-2160
-3664
-5777
-4587
0
0
0
0
0
-6776
-8542
-5732
-5214
-4186
-5026
-5372
-4198
-4727
-4943
-3987
-2695
-2353
-4749
-5107
-4910
-3882
-2424
3537
4887
6445
7571
6757
7051
8663
9337
5342
6004
2802
2897
5969
6050
6948
4401
3674
4348
5366
6342
5666
5908
6044
0
5287
5389
4227
4929
6149
5004
7458
7163
6763
6779
5235
5536
4767
6231
5158
4978
5027
2821
1217
54
67
113
72
53
