6.324045801526718
-18.324809160305346
-0.08053435114503815
-29.24847328244275
-54.39351145038168
-42.927862595419846
-24.462213740458015
-0.3629770992366412
-2.935496183206107
-6.767557251908396
-12.630152671755726
-20.011832061068702
-36.63778625954198
-31.256106870229008
-43.111068702290076
-44.21793893129771
-37.28664122137405
-25.75229007633588
-70.42404580152672
-61.0118320610687
-45.935496183206105
-26.988931297709925
-16.439312977099238
-32.41641221374046
-14.927862595419848
-17.034732824427483
-28.515648854961835
-44.64541984732825
-35.56145038167939
-0.5461832061068702
-0.5461832061068702
-0.5461832061068702
-0.5461832061068702
-0.5461832061068702
-52.27137404580153
-65.75229007633587
-44.301908396946565
-40.34770992366413
-32.500381679389314
-38.91259541984733
-41.553816793893134
-32.59198473282443
-36.630152671755724
-38.27900763358779
-30.981297709923666
-21.11870229007634
-18.508015267175573
-36.798091603053436
-39.53091603053435
-38.02709923664122
-30.179770992366414
-19.05
26.45381679389313
36.75916030534351
48.65229007633587
57.24770992366412
51.03396946564885
53.27824427480916
65.58358778625954
70.72862595419848
40.2324427480916
45.28587786259542
20.843129770992366
21.56832061068702
45.018702290076334
45.637022900763355
52.49198473282443
33.04923664122137
27.499618320610686
32.644656488549614
40.41564885496183
47.86603053435115
42.70572519083969
44.5530534351145
45.5912213740458
-0.5461832061068702
39.81259541984733
40.5912213740458
31.72099236641221
37.07977099236641
46.39274809160305
37.65229007633587
56.385114503816794
54.133206106870226
51.07977099236641
51.201908396946564
39.41564885496183
41.71335877862595
35.84312977099236
47.018702290076334
38.827862595419845
37.453816793893125
37.827862595419845
20.988167938931298
8.743893129770992
-0.13396946564885495
-0.03473282442748089
0.316412213740458
0.0034351145038168155
-0.14160305343511448
